name,train_macro_f1-score,train_macro_recall,train_micro_accuracy,train_macro_precision,train_weighted_precision,train_weighted_recall,train_weighted_f1-score,train_balanced_accuracy,train_macro_ovr_roc_auc_score,test_macro_f1-score,test_macro_recall,test_micro_accuracy,test_macro_precision,test_weighted_precision,test_weighted_recall,test_weighted_f1-score,test_balanced_accuracy,test_macro_ovr_roc_auc_score
nb3_iupac_t70,0.0670934611300017,0.0876068376068376,0.1891891891891892,0.9695426596542216,0.920439753325149,0.1891891891891892,0.130476659930045,0.0876068376068376,-1,0.0555628467393173,0.0801282051282051,0.1314285714285714,0.9653815136476424,0.9382801843317972,0.1314285714285714,0.0876320467580971,0.0801282051282051,-1
svm3_iupac_t70,0.996947496947497,0.9967948717948718,0.9966216216216216,0.998397435897436,0.9974662162162162,0.9966216216216216,0.9962998712998714,0.9967948717948718,-1,0.9207264957264956,0.935897435897436,0.9371428571428572,0.9594017094017095,0.9590476190476188,0.9371428571428572,0.9234285714285714,0.935897435897436,-1
dt3_iupac_t70,0.9974358974358974,0.9978632478632478,0.9966216216216216,0.9978632478632478,0.9977477477477475,0.9966216216216216,0.9966216216216216,0.9978632478632478,-1,0.5852564102564103,0.6346153846153846,0.6571428571428571,0.7838675213675214,0.7878095238095238,0.6571428571428571,0.6100952380952381,0.6346153846153846,-1
lr3_iupac_t70,0.996947496947497,0.9967948717948718,0.9966216216216216,0.998397435897436,0.9974662162162162,0.9966216216216216,0.9962998712998714,0.9967948717948718,-1,0.910897435897436,0.9262820512820512,0.9314285714285714,0.9540598290598292,0.9523809523809524,0.9314285714285714,0.9154285714285714,0.9262820512820512,-1
xgb3_iupac_t70,0.9078911117372656,0.9198717948717948,0.956081081081081,0.9780372405372406,0.969345238095238,0.956081081081081,0.939249414249414,0.9198717948717948,-1,0.7098290598290597,0.7660256410256411,0.7885714285714286,0.8867521367521366,0.8828571428571429,0.7885714285714286,0.7302857142857143,0.7660256410256411,-1
nb3_iupac_t70,0.0670934611300017,0.0876068376068376,0.1891891891891892,0.9695426596542216,0.920439753325149,0.1891891891891892,0.130476659930045,0.0876068376068376,-1,0.0555628467393173,0.0801282051282051,0.1314285714285714,0.9653815136476424,0.9382801843317972,0.1314285714285714,0.0876320467580971,0.0801282051282051,-1
svm3_iupac_t70,0.996947496947497,0.9967948717948718,0.9966216216216216,0.998397435897436,0.9974662162162162,0.9966216216216216,0.9962998712998714,0.9967948717948718,-1,0.9207264957264956,0.935897435897436,0.9371428571428572,0.9594017094017095,0.9590476190476188,0.9371428571428572,0.9234285714285714,0.935897435897436,-1
dt3_iupac_t70,0.9974358974358974,0.9978632478632478,0.9966216216216216,0.9978632478632478,0.9977477477477475,0.9966216216216216,0.9966216216216216,0.9978632478632478,-1,0.5852564102564103,0.6346153846153846,0.6571428571428571,0.7838675213675214,0.7878095238095238,0.6571428571428571,0.6100952380952381,0.6346153846153846,-1
lr3_iupac_t70,0.996947496947497,0.9967948717948718,0.9966216216216216,0.998397435897436,0.9974662162162162,0.9966216216216216,0.9962998712998714,0.9967948717948718,-1,0.910897435897436,0.9262820512820512,0.9314285714285714,0.9540598290598292,0.9523809523809524,0.9314285714285714,0.9154285714285714,0.9262820512820512,-1
xgb3_iupac_t70,0.9078911117372656,0.9198717948717948,0.956081081081081,0.9780372405372406,0.969345238095238,0.956081081081081,0.939249414249414,0.9198717948717948,-1,0.7098290598290597,0.7660256410256411,0.7885714285714286,0.8867521367521366,0.8828571428571429,0.7885714285714286,0.7302857142857143,0.7660256410256411,-1
nb3_iupac_t70,0.06709346113000172,0.08760683760683761,0.1891891891891892,0.9695426596542216,0.920439753325149,0.1891891891891892,0.13047665993004506,0.08760683760683761,-1,0.05556284673931733,0.08012820512820513,0.13142857142857142,0.9653815136476425,0.9382801843317972,0.13142857142857142,0.08763204675809717,0.08012820512820513,-1
svm3_iupac_t70,0.996947496947497,0.9967948717948718,0.9966216216216216,0.9983974358974359,0.9974662162162162,0.9966216216216216,0.9962998712998714,0.9967948717948718,-1,0.9207264957264957,0.9358974358974359,0.9371428571428572,0.9594017094017095,0.9590476190476189,0.9371428571428572,0.9234285714285714,0.9358974358974359,-1
dt3_iupac_t70,0.9974358974358974,0.9978632478632478,0.9966216216216216,0.9978632478632478,0.9977477477477477,0.9966216216216216,0.9966216216216216,0.9978632478632478,-1,0.5852564102564103,0.6346153846153846,0.6571428571428571,0.7838675213675214,0.7878095238095238,0.6571428571428571,0.6100952380952381,0.6346153846153846,-1
lr3_iupac_t70,0.996947496947497,0.9967948717948718,0.9966216216216216,0.9983974358974359,0.9974662162162162,0.9966216216216216,0.9962998712998714,0.9967948717948718,-1,0.9108974358974359,0.9262820512820513,0.9314285714285714,0.9540598290598291,0.9523809523809523,0.9314285714285714,0.9154285714285714,0.9262820512820513,-1
xgb3_iupac_t70,0.9078911117372656,0.9198717948717948,0.956081081081081,0.9780372405372406,0.9693452380952381,0.956081081081081,0.9392494142494141,0.9198717948717948,-1,0.7098290598290597,0.7660256410256411,0.7885714285714286,0.8867521367521366,0.8828571428571429,0.7885714285714286,0.7302857142857143,0.7660256410256411,-1
knn3_1_iupac_t70,0.996947496947497,0.9967948717948718,0.9966216216216216,0.9983974358974359,0.9974662162162162,0.9966216216216216,0.9962998712998714,0.9967948717948718,-1,0.9164529914529913,0.9294871794871795,0.9257142857142857,0.9497863247863249,0.9447619047619047,0.9257142857142857,0.9139047619047619,0.9294871794871795,-1
knn3_3_iupac_t70,0.5098466348466348,0.561431623931624,0.7398648648648649,0.863034188034188,0.8512387387387388,0.7398648648648649,0.6747269997269998,0.561431623931624,-1,0.48461538461538456,0.5737179487179487,0.6171428571428571,0.8231837606837608,0.8157142857142857,0.6171428571428571,0.5219047619047619,0.5737179487179487,-1
knn3_5_iupac_t70,0.39282209955286884,0.4492521367521367,0.6587837837837838,0.8319479131979133,0.8077574733824735,0.6587837837837838,0.5765079327579327,0.4492521367521367,-1,0.35275835275835277,0.44871794871794873,0.5028571428571429,0.777065527065527,0.7677777777777778,0.5028571428571429,0.3974891774891775,0.44871794871794873,-1
knn3_7_iupac_t70,0.3206606427760274,0.3819444444444444,0.5777027027027027,0.8145222832722833,0.7538730694980695,0.5777027027027027,0.48292885792885787,0.3819444444444444,-1,0.27527472527472524,0.375,0.42857142857142855,0.7482905982905982,0.7301904761904762,0.42857142857142855,0.3143945578231292,0.375,-1
knn3_9_iupac_t70,0.27156084656084656,0.328525641025641,0.5135135135135135,0.8116071428571429,0.7343357562107561,0.5135135135135135,0.4185918060918061,0.328525641025641,-1,0.20244708994708993,0.30128205128205127,0.35428571428571426,0.7518009768009767,0.7299183673469387,0.35428571428571426,0.23836281179138322,0.30128205128205127,-1
rf3_15_iupac_t70,0.9896214896214897,0.9903846153846154,0.9932432432432432,0.9967948717948718,0.9949324324324325,0.9932432432432432,0.9914736164736165,0.9903846153846154,-1,0.792948717948718,0.8333333333333334,0.8457142857142858,0.9134615384615384,0.9066666666666666,0.8457142857142858,0.8032380952380952,0.8333333333333334,-1
rf3_30_iupac_t70,0.996947496947497,0.9967948717948718,0.9966216216216216,0.9983974358974359,0.9974662162162162,0.9966216216216216,0.9962998712998714,0.9967948717948718,-1,0.8517094017094018,0.8782051282051282,0.8857142857142857,0.9273504273504273,0.9219047619047618,0.8857142857142857,0.8575238095238095,0.8782051282051282,-1
rf3_45_iupac_t70,0.9974358974358974,0.9978632478632478,0.9966216216216216,0.9978632478632478,0.9977477477477477,0.9966216216216216,0.9966216216216216,0.9978632478632478,-1,0.8764957264957266,0.8974358974358975,0.9028571428571428,0.9358974358974359,0.9314285714285714,0.9028571428571428,0.8807619047619047,0.8974358974358975,-1
adbt3_15_5_iupac_t70,0.21744817682317683,0.22435897435897437,0.25675675675675674,0.9866848144245404,0.9662640380106134,0.25675675675675674,0.2374555765180765,0.22435897435897437,-1,0.13052634815224742,0.14102564102564102,0.1657142857142857,0.9584269137188846,0.9458811261730969,0.1657142857142857,0.14890030832476875,0.14102564102564102,-1
adbt3_15_10_iupac_t70,0.31681720880014314,0.32959401709401714,0.3952702702702703,0.9744408208581021,0.9502993766692396,0.3952702702702703,0.36698765295619595,0.32959401709401714,-1,0.19524925751426658,0.21153846153846154,0.2342857142857143,0.920434098065677,0.9162406015037594,0.2342857142857143,0.21381581911114958,0.21153846153846154,-1
adbt3_15_15_iupac_t70,0.7121676685138224,0.7216880341880342,0.777027027027027,0.9757100387535171,0.959878434334956,0.777027027027027,0.7594430006930007,0.7216880341880342,-1,0.4210618988058012,0.4583333333333333,0.48,0.8693305625997934,0.8594296180010464,0.48,0.44145511863281894,0.4583333333333333,-1
adbt3_30_5_iupac_t70,0.23091099856794925,0.23717948717948717,0.2635135135135135,0.9898906139731829,0.9713333746590628,0.2635135135135135,0.24522922841308492,0.23717948717948717,-1,0.13266178266178263,0.14102564102564102,0.1657142857142857,0.9552211073950204,0.9430227743271221,0.1657142857142857,0.15080272108843537,0.14102564102564102,-1
adbt3_30_10_iupac_t70,0.31681720880014314,0.32959401709401714,0.3952702702702703,0.9744408208581021,0.9502993766692396,0.3952702702702703,0.36698765295619595,0.32959401709401714,-1,0.19524925751426658,0.21153846153846154,0.2342857142857143,0.920434098065677,0.9162406015037594,0.2342857142857143,0.21381581911114958,0.21153846153846154,-1
adbt3_30_15_iupac_t70,0.7283227126566713,0.7409188034188033,0.7972972972972973,0.9707530332530333,0.9530509032198221,0.7972972972972973,0.7753813808691857,0.7409188034188033,-1,0.4333210248532829,0.4807692307692308,0.5028571428571429,0.867734516441413,0.8615364766596294,0.5028571428571429,0.45405968839148564,0.4807692307692308,-1
adbt3_45_5_iupac_t70,0.23091099856794925,0.23717948717948717,0.2635135135135135,0.9898906139731829,0.9713333746590628,0.2635135135135135,0.24522922841308492,0.23717948717948717,-1,0.13266443701226308,0.14102564102564102,0.1657142857142857,0.9552224736048265,0.9430252100840336,0.1657142857142857,0.15080745341614907,0.14102564102564102,-1
adbt3_45_10_iupac_t70,0.32376165324458756,0.33600427350427353,0.39864864864864863,0.9750818464991278,0.9513128901827532,0.39864864864864863,0.3712106259291689,0.33600427350427353,-1,0.19631493623090263,0.21153846153846154,0.2342857142857143,0.9215010683760684,0.9171904761904761,0.2342857142857143,0.21476339107071402,0.21153846153846154,-1
adbt3_45_15_iupac_t70,0.7478302904922338,0.7590811965811965,0.8108108108108109,0.9729509325097561,0.9582473755267873,0.8108108108108109,0.7912427011111223,0.7590811965811965,-1,0.44833430458430457,0.48717948717948717,0.5085714285714286,0.8516737891737892,0.8481587301587301,0.5085714285714286,0.46818181818181814,0.48717948717948717,-1
nb5_iupac_t70,0.4551557669778982,0.4946581196581197,0.7128378378378378,0.937857736783076,0.8837453120541354,0.7128378378378378,0.636183175835378,0.4946581196581197,-1,0.3687178353623977,0.4423076923076923,0.5028571428571429,0.899921220754554,0.8756690716690715,0.5028571428571429,0.4099426550461033,0.4423076923076923,-1
svm5_iupac_t70,0.996947496947497,0.9967948717948718,0.9966216216216216,0.9983974358974359,0.9974662162162162,0.9966216216216216,0.9962998712998714,0.9967948717948718,-1,0.9335470085470085,0.9455128205128205,0.9485714285714286,0.9658119658119659,0.9647619047619046,0.9485714285714286,0.9367619047619048,0.9455128205128205,-1
dt5_iupac_t70,0.9974358974358974,0.9978632478632478,0.9966216216216216,0.9978632478632478,0.9977477477477477,0.9966216216216216,0.9966216216216216,0.9978632478632478,-1,0.6102564102564102,0.6634615384615384,0.6914285714285714,0.8226495726495725,0.8238095238095238,0.6914285714285714,0.6375238095238095,0.6634615384615384,-1
