Epoch 304/10000, Train Accuracy: 68.76876876876878%, Validation Accuracy: 69.87951807228916%

  3%|█▊                                                         | 304/10000 [03:56<2:09:19,  1.25it/s] 
EarlyStopping counter: 20 out of 20
Early stopping

  3%|█▊                                                         | 304/10000 [03:57<2:06:04,  1.28it/s] 
--------------------------------
Model Accuracy: 71.08433734939759 %
              precision    recall  f1-score   support

           0       0.67      1.00      0.80         2
           1       0.50      1.00      0.67         2
           2       0.00      0.00      0.00         2
           3       1.00      1.00      1.00         2
           4       0.67      1.00      0.80         2
           5       0.50      1.00      0.67         1
           6       0.00      0.00      0.00         1
           7       1.00      1.00      1.00         1
           8       0.50      1.00      0.67         2
           9       0.00      0.00      0.00         2
          10       1.00      1.00      1.00         1
          11       1.00      1.00      1.00         1
          12       0.20      1.00      0.33         1
          13       1.00      1.00      1.00         1
          14       1.00      1.00      1.00         2
          15       1.00      1.00      1.00         1
          16       1.00      1.00      1.00         1
          17       1.00      1.00      1.00         1
          18       0.00      0.00      0.00         1
          19       0.00      0.00      0.00         2
          20       0.14      1.00      0.25         1
          21       1.00      1.00      1.00         2
          22       1.00      1.00      1.00         2
          23       1.00      1.00      1.00         2
          24       0.00      0.00      0.00         1
          25       0.50      1.00      0.67         1
          26       1.00      1.00      1.00         1
          27       0.00      0.00      0.00         2
          28       1.00      1.00      1.00         2
          29       0.67      1.00      0.80         2
          30       1.00      1.00      1.00         2
          31       0.00      0.00      0.00         1
          32       0.50      1.00      0.67         2
          33       0.00      0.00      0.00         2
          34       0.00      0.00      0.00         2
          35       1.00      1.00      1.00         2
          36       1.00      1.00      1.00         1
          37       1.00      1.00      1.00         1
          38       1.00      1.00      1.00         1
          39       0.67      1.00      0.80         2
          40       1.00      1.00      1.00         1
          41       0.50      1.00      0.67         2
          42       0.00      0.00      0.00         2
          43       0.50      1.00      0.67         1
          44       0.00      0.00      0.00         1
          45       0.00      0.00      0.00         2
          46       1.00      1.00      1.00         2
          47       1.00      1.00      1.00         1
          48       0.00      0.00      0.00         2
          49       0.33      1.00      0.50         2
          50       0.00      0.00      0.00         2
          51       1.00      1.00      1.00         1
          52       1.00      1.00      1.00         1
          53       1.00      1.00      1.00         2
          54       1.00      1.00      1.00         1
          55       1.00      1.00      1.00         2
          56       1.00      1.00      1.00         2
          57       1.00      1.00      1.00         2
          58       1.00      1.00      1.00         1
          59       1.00      1.00      1.00         2
          60       0.33      1.00      0.50         1
          61       0.00      0.00      0.00         2
          62       0.33      1.00      0.50         1
          63       0.67      1.00      0.80         2
          64       0.00      0.00      0.00         2
          65       1.00      1.00      1.00         2
          66       0.67      1.00      0.80         2
          67       1.00      1.00      1.00         1
          68       1.00      1.00      1.00         1
          69       0.00      0.00      0.00         2
          70       0.50      1.00      0.67         1
          71       0.25      0.50      0.33         2
          72       0.00      0.00      0.00         2
          73       1.00      1.00      1.00         1
          74       1.00      1.00      1.00         2
          75       1.00      1.00      1.00         2
          76       1.00      1.00      1.00         1
          77       0.67      1.00      0.80         2
          78       1.00      1.00      1.00         2
          79       1.00      1.00      1.00         2
          80       1.00      1.00      1.00         1
          81       1.00      1.00      1.00         2
          82       0.50      1.00      0.67         1
          83       0.00      0.00      0.00         2
          84       0.00      0.00      0.00         2
          85       0.40      1.00      0.57         2
          86       1.00      1.00      1.00         1
          87       1.00      1.00      1.00         2
          88       1.00      1.00      1.00         1
          89       0.00      0.00      0.00         2
          90       1.00      1.00      1.00         1
          91       1.00      1.00      1.00         2
          92       1.00      1.00      1.00         2
          93       0.00      0.00      0.00         1
          94       0.67      1.00      0.80         2
          95       1.00      1.00      1.00         2
          96       1.00      1.00      1.00         2
          97       0.00      0.00      0.00         2
          98       1.00      1.00      1.00         2
          99       0.67      1.00      0.80         2
         100       1.00      1.00      1.00         1
         101       0.00      0.00      0.00         1
         102       1.00      1.00      1.00         2
         103       0.00      0.00      0.00         1
         104       0.40      1.00      0.57         2
         105       1.00      1.00      1.00         2
         106       1.00      1.00      1.00         1
         107       0.00      0.00      0.00         2
         108       0.33      1.00      0.50         2
         109       1.00      1.00      1.00         2
         110       0.00      0.00      0.00         1
         111       1.00      1.00      1.00         1
         112       1.00      1.00      1.00         1
         113       1.00      1.00      1.00         2
         114       0.50      1.00      0.67         1
         115       0.00      0.00      0.00         1
         116       0.00      0.00      0.00         1
         117       1.00      1.00      1.00         2
         118       1.00      1.00      1.00         2
         119       0.33      1.00      0.50         1
         120       0.67      1.00      0.80         2
         121       0.00      0.00      0.00         1
         122       0.00      0.00      0.00         1
         123       0.67      1.00      0.80         2
         124       1.00      1.00      1.00         2
         125       1.00      1.00      1.00         2
         126       1.00      1.00      1.00         1
         127       1.00      1.00      1.00         1
         128       0.50      1.00      0.67         1
         129       0.50      1.00      0.67         2
         130       0.00      0.00      0.00         2
         131       1.00      1.00      1.00         2
         132       0.00      0.00      0.00         2
         133       1.00      1.00      1.00         2
         134       0.00      0.00      0.00         1
         135       0.50      1.00      0.67         2
         136       0.00      0.00      0.00         2
         137       0.00      0.00      0.00         2
         138       1.00      1.00      1.00         1
         139       1.00      1.00      1.00         2
         140       1.00      1.00      1.00         2
         141       1.00      1.00      1.00         2
         142       1.00      1.00      1.00         2
         143       1.00      1.00      1.00         1
         144       0.00      0.00      0.00         2
         145       0.00      0.00      0.00         2
         146       1.00      1.00      1.00         2
         147       1.00      1.00      1.00         1
         148       0.00      0.00      0.00         2
         149       0.00      0.00      0.00         2
         150       1.00      1.00      1.00         2
         151       0.33      1.00      0.50         1
         152       0.00      0.00      0.00         2
         153       0.00      0.00      0.00         1
         154       0.25      1.00      0.40         2
         155       1.00      1.00      1.00         1

    accuracy                           0.71       249
   macro avg       0.61      0.72      0.64       249
weighted avg       0.60      0.71      0.63       249

Weighted ROC AUC score: 0.9293265198707853
The model took 69.0 minutes to run.

##################################################################
##################################################################
RESULTS
Maximum number of epochs                                         10000
Batch size                                                          32
Confidence threshold (binarization)                               None
Number of trials per model                                           1
Early stopping patience (num epochs)                                20
Early stopping minimum percent improvement                         0.1
In the form of (LR, avg epochs taken, avg accuracy)...
SmallCNN2_6:
        (0.001, 305.0, 0.7108433734939759)
##################################################################
##################################################################