Epoch 273/10000, Train Accuracy: 79.37937937937937%, Validation Accuracy: 78.714859437751%

  3%|█▌                                                         | 273/10000 [03:43<2:04:48,  1.30it/s] 
EarlyStopping counter: 20 out of 20
Early stopping

  3%|█▌                                                         | 273/10000 [03:44<2:13:06,  1.22it/s] 
--------------------------------
Model Accuracy: 79.11646586345381 %
              precision    recall  f1-score   support

           0       1.00      1.00      1.00         2
           1       0.00      0.00      0.00         2
           2       0.00      0.00      0.00         2
           3       0.00      0.00      0.00         2
           4       1.00      1.00      1.00         2
           5       0.50      1.00      0.67         1
           6       0.00      0.00      0.00         1
           7       1.00      1.00      1.00         1
           8       0.50      1.00      0.67         2
           9       0.00      0.00      0.00         2
          10       1.00      1.00      1.00         1
          11       1.00      1.00      1.00         1
          12       1.00      1.00      1.00         1
          13       1.00      1.00      1.00         1
          14       1.00      1.00      1.00         2
          15       1.00      1.00      1.00         1
          16       1.00      1.00      1.00         1
          17       1.00      1.00      1.00         1
          18       0.17      1.00      0.29         1
          19       0.00      0.00      0.00         2
          20       0.00      0.00      0.00         1
          21       0.00      0.00      0.00         2
          22       0.67      1.00      0.80         2
          23       0.67      1.00      0.80         2
          24       0.50      1.00      0.67         1
          25       0.00      0.00      0.00         1
          26       1.00      1.00      1.00         1
          27       0.00      0.00      0.00         2
          28       0.00      0.00      0.00         2
          29       1.00      1.00      1.00         2
          30       0.00      0.00      0.00         2
          31       0.25      1.00      0.40         1
          32       0.50      1.00      0.67         2
          33       1.00      1.00      1.00         2
          34       0.00      0.00      0.00         2
          35       1.00      1.00      1.00         2
          36       0.33      1.00      0.50         1
          37       1.00      1.00      1.00         1
          38       1.00      1.00      1.00         1
          39       0.50      1.00      0.67         2
          40       0.50      1.00      0.67         1
          41       0.40      1.00      0.57         2
          42       1.00      1.00      1.00         2
          43       1.00      1.00      1.00         1
          44       0.00      0.00      0.00         1
          45       0.00      0.00      0.00         2
          46       1.00      1.00      1.00         2
          47       1.00      1.00      1.00         1
          48       0.00      0.00      0.00         2
          49       0.00      0.00      0.00         2
          50       0.33      1.00      0.50         2
          51       1.00      1.00      1.00         1
          52       1.00      1.00      1.00         1
          53       1.00      1.00      1.00         2
          54       1.00      1.00      1.00         1
          55       1.00      1.00      1.00         2
          56       1.00      1.00      1.00         2
          57       1.00      1.00      1.00         2
          58       1.00      1.00      1.00         1
          59       1.00      1.00      1.00         2
          60       1.00      1.00      1.00         1
          61       0.00      0.00      0.00         2
          62       0.33      1.00      0.50         1
          63       1.00      1.00      1.00         2
          64       1.00      1.00      1.00         2
          65       1.00      1.00      1.00         2
          66       1.00      1.00      1.00         2
          67       1.00      1.00      1.00         1
          68       1.00      1.00      1.00         1
          69       0.00      0.00      0.00         2
          70       0.50      1.00      0.67         1
          71       1.00      0.50      0.67         2
          72       0.00      0.00      0.00         2
          73       1.00      1.00      1.00         1
          74       1.00      1.00      1.00         2
          75       1.00      1.00      1.00         2
          76       1.00      1.00      1.00         1
          77       1.00      1.00      1.00         2
          78       1.00      1.00      1.00         2
          79       1.00      1.00      1.00         2
          80       1.00      1.00      1.00         1
          81       1.00      1.00      1.00         2
          82       1.00      1.00      1.00         1
          83       0.00      0.00      0.00         2
          84       1.00      1.00      1.00         2
          85       1.00      1.00      1.00         2
          86       0.50      1.00      0.67         1
          87       1.00      1.00      1.00         2
          88       1.00      1.00      1.00         1
          89       0.50      1.00      0.67         2
          90       1.00      1.00      1.00         1
          91       1.00      1.00      1.00         2
          92       1.00      1.00      1.00         2
          93       1.00      1.00      1.00         1
          94       1.00      1.00      1.00         2
          95       1.00      1.00      1.00         2
          96       1.00      1.00      1.00         2
          97       0.50      1.00      0.67         2
          98       1.00      1.00      1.00         2
          99       0.67      1.00      0.80         2
         100       1.00      1.00      1.00         1
         101       0.00      0.00      0.00         1
         102       1.00      1.00      1.00         2
         103       1.00      1.00      1.00         1
         104       1.00      1.00      1.00         2
         105       1.00      1.00      1.00         2
         106       1.00      1.00      1.00         1
         107       0.00      0.00      0.00         2
         108       0.50      1.00      0.67         2
         109       0.67      1.00      0.80         2
         110       0.00      0.00      0.00         1
         111       1.00      1.00      1.00         1
         112       1.00      1.00      1.00         1
         113       1.00      1.00      1.00         2
         114       1.00      1.00      1.00         1
         115       0.00      0.00      0.00         1
         116       0.00      0.00      0.00         1
         117       0.67      1.00      0.80         2
         118       0.67      1.00      0.80         2
         119       0.50      1.00      0.67         1
         120       0.00      0.00      0.00         2
         121       0.25      1.00      0.40         1
         122       0.00      0.00      0.00         1
         123       0.67      1.00      0.80         2
         124       1.00      1.00      1.00         2
         125       1.00      1.00      1.00         2
         126       1.00      1.00      1.00         1
         127       1.00      1.00      1.00         1
         128       1.00      1.00      1.00         1
         129       0.50      1.00      0.67         2
         130       0.00      0.00      0.00         2
         131       1.00      1.00      1.00         2
         132       1.00      1.00      1.00         2
         133       1.00      1.00      1.00         2
         134       1.00      1.00      1.00         1
         135       1.00      1.00      1.00         2
         136       1.00      1.00      1.00         2
         137       1.00      1.00      1.00         2
         138       1.00      1.00      1.00         1
         139       1.00      1.00      1.00         2
         140       1.00      1.00      1.00         2
         141       1.00      1.00      1.00         2
         142       1.00      1.00      1.00         2
         143       1.00      1.00      1.00         1
         144       1.00      1.00      1.00         2
         145       1.00      1.00      1.00         2
         146       1.00      1.00      1.00         2
         147       1.00      1.00      1.00         1
         148       0.00      0.00      0.00         2
         149       1.00      1.00      1.00         2
         150       1.00      1.00      1.00         2
         151       1.00      1.00      1.00         1
         152       1.00      1.00      1.00         2
         153       0.33      1.00      0.50         1
         154       0.67      1.00      0.80         2
         155       1.00      1.00      1.00         1

    accuracy                           0.79       249
   macro avg       0.71      0.80      0.74       249
weighted avg       0.71      0.79      0.73       249

Weighted ROC AUC score: 0.9380941553860734
The model took 16.8 minutes to run.

##################################################################
##################################################################
RESULTS
Maximum number of epochs                                         10000
Batch size                                                          32
Confidence threshold (binarization)                               None
Number of trials per model                                           1
Early stopping patience (num epochs)                                20
Early stopping minimum percent improvement                         0.1
In the form of (LR, avg epochs taken, avg accuracy)...
SmallCNN2_6:
        (0.001, 274.0, 0.7911646586345381)
##################################################################
##################################################################