Epoch 173/10000, Train Accuracy: 83.88388388388388%, Validation Accuracy: 84.33734939759037%

  2%|█                                                          | 173/10000 [02:23<2:15:06,  1.21it/s] 
EarlyStopping counter: 20 out of 20
Early stopping

  2%|█                                                          | 173/10000 [02:24<2:16:44,  1.20it/s] 
--------------------------------
Model Accuracy: 85.14056224899599 %
              precision    recall  f1-score   support

           0       1.00      1.00      1.00         2
           1       0.67      1.00      0.80         2
           2       0.00      0.00      0.00         2
           3       0.00      0.00      0.00         2
           4       1.00      1.00      1.00         2
           5       0.50      1.00      0.67         1
           6       0.00      0.00      0.00         1
           7       1.00      1.00      1.00         1
           8       0.00      0.00      0.00         2
           9       0.50      1.00      0.67         2
          10       1.00      1.00      1.00         1
          11       1.00      1.00      1.00         1
          12       0.50      1.00      0.67         1
          13       1.00      1.00      1.00         1
          14       1.00      1.00      1.00         2
          15       1.00      1.00      1.00         1
          16       1.00      1.00      1.00         1
          17       1.00      1.00      1.00         1
          18       0.33      1.00      0.50         1
          19       0.00      0.00      0.00         2
          20       0.00      0.00      0.00         1
          21       1.00      1.00      1.00         2
          22       1.00      1.00      1.00         2
          23       1.00      1.00      1.00         2
          24       0.00      0.00      0.00         1
          25       0.33      1.00      0.50         1
          26       1.00      1.00      1.00         1
          27       1.00      1.00      1.00         2
          28       0.00      0.00      0.00         2
          29       1.00      1.00      1.00         2
          30       1.00      1.00      1.00         2
          31       1.00      1.00      1.00         1
          32       1.00      1.00      1.00         2
          33       1.00      1.00      1.00         2
          34       1.00      1.00      1.00         2
          35       1.00      1.00      1.00         2
          36       0.33      1.00      0.50         1
          37       1.00      1.00      1.00         1
          38       1.00      1.00      1.00         1
          39       1.00      1.00      1.00         2
          40       1.00      1.00      1.00         1
          41       1.00      0.50      0.67         2
          42       1.00      1.00      1.00         2
          43       1.00      1.00      1.00         1
          44       0.00      0.00      0.00         1
          45       0.33      0.50      0.40         2
          46       1.00      1.00      1.00         2
          47       1.00      1.00      1.00         1
          48       0.00      0.00      0.00         2
          49       0.00      0.00      0.00         2
          50       0.33      1.00      0.50         2
          51       1.00      1.00      1.00         1
          52       1.00      1.00      1.00         1
          53       1.00      1.00      1.00         2
          54       1.00      1.00      1.00         1
          55       0.67      1.00      0.80         2
          56       1.00      1.00      1.00         2
          57       1.00      1.00      1.00         2
          58       1.00      1.00      1.00         1
          59       1.00      1.00      1.00         2
          60       1.00      1.00      1.00         1
          61       0.00      0.00      0.00         2
          62       0.33      1.00      0.50         1
          63       1.00      1.00      1.00         2
          64       1.00      1.00      1.00         2
          65       1.00      1.00      1.00         2
          66       1.00      1.00      1.00         2
          67       1.00      1.00      1.00         1
          68       1.00      1.00      1.00         1
          69       1.00      1.00      1.00         2
          70       1.00      1.00      1.00         1
          71       1.00      0.50      0.67         2
          72       0.40      1.00      0.57         2
          73       1.00      1.00      1.00         1
          74       1.00      1.00      1.00         2
          75       1.00      1.00      1.00         2
          76       1.00      1.00      1.00         1
          77       1.00      1.00      1.00         2
          78       1.00      1.00      1.00         2
          79       0.67      1.00      0.80         2
          80       0.00      0.00      0.00         1
          81       1.00      1.00      1.00         2
          82       1.00      1.00      1.00         1
          83       0.00      0.00      0.00         2
          84       1.00      1.00      1.00         2
          85       1.00      1.00      1.00         2
          86       1.00      1.00      1.00         1
          87       1.00      1.00      1.00         2
          88       1.00      1.00      1.00         1
          89       1.00      1.00      1.00         2
          90       1.00      1.00      1.00         1
          91       1.00      1.00      1.00         2
          92       1.00      1.00      1.00         2
          93       1.00      1.00      1.00         1
          94       1.00      1.00      1.00         2
          95       1.00      1.00      1.00         2
          96       1.00      1.00      1.00         2
          97       0.00      0.00      0.00         2
          98       1.00      1.00      1.00         2
          99       0.67      1.00      0.80         2
         100       1.00      1.00      1.00         1
         101       0.00      0.00      0.00         1
         102       1.00      1.00      1.00         2
         103       0.33      1.00      0.50         1
         104       0.00      0.00      0.00         2
         105       1.00      1.00      1.00         2
         106       0.50      1.00      0.67         1
         107       0.50      1.00      0.67         2
         108       0.00      0.00      0.00         2
         109       1.00      1.00      1.00         2
         110       1.00      1.00      1.00         1
         111       1.00      1.00      1.00         1
         112       1.00      1.00      1.00         1
         113       1.00      1.00      1.00         2
         114       1.00      1.00      1.00         1
         115       0.00      0.00      0.00         1
         116       0.50      1.00      0.67         1
         117       1.00      1.00      1.00         2
         118       1.00      1.00      1.00         2
         119       1.00      1.00      1.00         1
         120       0.00      0.00      0.00         2
         121       0.25      1.00      0.40         1
         122       0.00      0.00      0.00         1
         123       0.67      1.00      0.80         2
         124       1.00      1.00      1.00         2
         125       1.00      1.00      1.00         2
         126       1.00      1.00      1.00         1
         127       1.00      1.00      1.00         1
         128       1.00      1.00      1.00         1
         129       1.00      1.00      1.00         2
         130       1.00      1.00      1.00         2
         131       1.00      1.00      1.00         2
         132       1.00      1.00      1.00         2
         133       1.00      1.00      1.00         2
         134       1.00      1.00      1.00         1
         135       0.67      1.00      0.80         2
         136       1.00      1.00      1.00         2
         137       1.00      1.00      1.00         2
         138       1.00      1.00      1.00         1
         139       1.00      1.00      1.00         2
         140       1.00      1.00      1.00         2
         141       1.00      1.00      1.00         2
         142       1.00      1.00      1.00         2
         143       1.00      1.00      1.00         1
         144       1.00      1.00      1.00         2
         145       1.00      1.00      1.00         2
         146       1.00      1.00      1.00         2
         147       1.00      1.00      1.00         1
         148       1.00      1.00      1.00         2
         149       1.00      1.00      1.00         2
         150       1.00      1.00      1.00         2
         151       1.00      1.00      1.00         1
         152       1.00      1.00      1.00         2
         153       1.00      1.00      1.00         1
         154       1.00      1.00      1.00         2
         155       1.00      1.00      1.00         1

    accuracy                           0.85       249
   macro avg       0.79      0.86      0.81       249
weighted avg       0.80      0.85      0.81       249

Weighted ROC AUC score: 0.9636608009680094
The model took 13.5 minutes to run.